0 663.511
0 924.803
0 1226.51
0 1557.76
0 1943.2
0 2328.93
0 2539.89
0 2878.71
0 3234.21
0 3473.71
0 3911.36
0 4158.3
0 4295.37
0 4645.95
0 5172.6
0 5357.95
0 5758.12
0 5944.26
0 6172.56
0 6624.36
0 6904.43
0 7418.02
0 7668.27
0 7967.28
0 8230.96
0 8572.24
0 8881.52
0 9133.61
0 9484.2
0 10224.1
0 10435.5
0 10636.7
0 10975.3
0 11365.4
0 11722.3
0 12067.9
0 12484.9
0 12801.7
0 13195.1
0 13527.4
0 13738.2
0 14248.1
0 15327.3
0 15680.1
0 16018.3
0 16389.2
0 16626.4
0 17021.8
0 17339.1
0 17739.7
0 18301.1
0 18490.9
0 19140
0 20405
0 20696.3
0 21057.5
0 21219.5
0 21604
0 21831.7
0 22176.5
0 22474.5
0 22780.1
0 23062.8
0 23507.4
0 24012.6
0 24334.9
0 25409.2
0 25587.1
0 25931.2
0 26352
0 26623.3
0 27070.2
0 27425.3
0 27620.6
0 27978.1
0 28238.7
0 28553
0 28902.1
0 29114.9
0 29377.1
0 29980.7
0 30368.8
0 30570.7
0 30890.7
0 31151.2
0 31397.3
0 31734.5
0 32063.5
0 32327.8
0 32490.1
0 32786.5
0 33089.4
0 33260.2
0 33517.6
0 33835.2
0 34003.4
0 34286.2
0 35297.7
0 35697.4
0 36182.1
0 36633.1
0 37123.4
0 37492.8
0 37920.8
0 38492.6
0 38800.5
0 39096.5
0 39402
0 40057.3
0 40361.9
0 40600.2
0 40948.1
0 41292.8
0 41823.8
0 42168.4
0 42721.1
0 43045.1
0 43500
0 43817.6
0 44271.5
0 45247.1
0 45489.4
0 45791.8
0 46145.9
0 46787.3
0 47008.7
0 47273
0 47593.5
0 47944.1
0 48274.3
0 48541.7
0 48876.1
0 49303.7
0 49578.5
0 50456.3
0 50793.6
0 51224.1
0 51599.9
0 52012.9
0 52227.6
0 52727
0 52958.8
0 53297.4
0 53940.3
0 54116.6
0 54423.5
0 54727.5
0 55772.7
0 56490.2
0 56792.1
0 57096.8
0 57272.8
0 57822.9
0 58001.7
0 58323.7
0 58768.1
0 59164
0 59459.5
0 59613.7
0 60602.9
0 60903
0 61155.3
0 61486.7
0 61757.4
0 62263.2
0 62677.6
0 62868.5
0 63272.4
0 63619.8
0 63942.5
0 64413.7
0 64691.3
0 64939.1
0 65783.9
0 66065.5
0 66517.9
0 67041.4
0 67646.1
0 67945.1
0 68230.1
0 68688.5
0 69170.3
0 69945.1
0 70183.9
0 70451.6
0 71324.6
0 71696.2
0 71878.7
0 72239.5
0 72399.9
0 72717.2
0 72964.6
0 73431.7
0 73849.1
0 74168.6
0 74422.7
0 74614.5
0 75181
0 76139.3
0 77024.8
0 77216.2
0 77416.9
0 77762.5
0 78438.5
0 78879
0 79367.3
0 79776.1
0 80049.2
0 80454.5
0 81834.9
0 82338.2
0 82981.9
0 83459.8
0 83915.2
0 84283.6
0 84710.3
0 84944.3
0 85214.5
0 85456.3
0 85778.4
0 86722.4
0 87036
0 87414.2
0 87741.1
0 87966.2
0 88263.1
0 88665.5
0 88878.3
0 89053.8
0 89209.8
0 89502.5
0 89771.7
0 90442.6
0 90679.2
0 91323.1
0 91585.9
0 91954.1
0 92440.6
0 92810.5
0 93147.3
0 93355.1
0 93611.3
0 93886.7
0 94136.9
0 94457.4
0 94818.6
0 95041.5
0 95190
0 95448.8
0 96917.5
0 97213.6
0 97584.9
0 97799.6
0 98361.7
0 98783
0 99397.8
0 99727
0 100066
0 100332
0 100735
0 101489
0 102247
0 102418
0 103205
0 103388
0 104099
0 104826
0 105261
0 105479
0 105752
0 106186
0 106896
0 107124
0 107508
0 107999
0 108396
0 108682
0 109284
0 110047
0 110551
0 111106
0 111838
0 112366
0 112610
0 112889
0 113228
0 113579
0 113814
0 113926
0 114150
0 114461
0 114804
0 115128
0 115414
0 115553
0 115831
0 116958
0 117335
0 117593
0 117863
0 118492
0 119020
0 119350
0 119628
0 119936
0 120502
0 120754
0 121201
0 121657
0 121884
0 122268
0 122573
0 122913
0 123602
0 123972
0 124202
0 124463
0 124822
0 125167
0 125487
0 125709
0 126024
0 126792
0 127252
0 127606
0 127834
0 128213
0 128460
0 128755
0 129238
0 129581
0 129925
0 130396
0 130616
0 131224
0 131376
0 132485
0 133008
0 133256
0 133712
0 134159
0 134375
0 134662
0 135024
0 135334
0 135760
0 136043
0 136444
0 137371
0 138056
0 138302
0 138800
0 139053
0 139343
0 139472
0 140056
0 140299
0 140445
0 140947
0 141327
0 141675
0 142488
0 142682
0 142977
0 143124
0 143300
0 143697
0 144001
0 144234
0 144823
0 145445
0 145835
0 146242
0 146567
0 146667
0 147086
0 147588
0 147943
0 148042
0 148338
0 148781
0 149016
0 149218
0 149850
0 150186
0 150487
0 150876
0 151001
0 151434
0 151701
0 151971
0 152588
0 152912
0 153389
0 153666
0 154011
0 154187
0 154488
0 154644
0 155001
0 155211
0 155466
0 155967
0 156381
0 156647
0 157973
0 158237
0 158554
0 158917
0 159482
0 160044
0 160268
0 160880
0 161249
0 161485
0 161721
0 161897
0 162234
0 162602
1 308.103
1 666.755
1 1133.54
1 1449.54
1 1728.09
1 2114.86
1 2441.64
1 3407.12
1 3763.17
1 4175.17
1 4413.9
1 5444.92
1 5720.93
1 6063.3
1 6729.29
1 7074.3
1 7475.13
1 7705.15
1 7949.75
1 8387.92
1 8658.52
1 8954.13
1 9472.99
1 10305.5
1 10910
1 11134.6
1 11793
1 12250.3
1 12762.1
1 13139.5
1 14002.9
1 14275.7
1 14983.1
1 15320.7
1 15759.3
1 16241.6
1 16629
1 16862
1 17170.6
1 18029.1
1 18267.6
1 18895.8
1 19157.6
1 20424.2
1 20682.8
1 21300.4
1 21700.1
1 22033.5
1 22250.6
1 22547.2
1 22918.8
1 23291.6
1 24080.2
1 24376.4
1 25281.6
1 25742
1 26355.3
1 26808.4
1 27232
1 27578.3
1 28028
1 28334.3
1 29094.9
1 29487
1 29956.9
1 30322.2
1 30524.3
1 30996.6
1 31373.1
1 31849.5
1 32401.2
1 33077.7
1 33461.4
1 33887.1
1 34358.6
1 35207
1 35700.4
1 36228.2
1 36932.1
1 37092
1 37447.1
1 37702.6
1 38647.5
1 38975
1 39415.7
1 40136.6
1 40513.2
1 41256.3
1 41706.6
1 41997.4
1 42209.1
1 42764.6
1 43107.8
1 43476.1
1 43737
1 44258.7
1 44680.3
1 45305.1
1 45726.7
1 46138.7
1 46769.1
1 47288.3
1 47591.6
1 47847.5
1 48082.5
1 48277.6
1 48541.7
1 49035.2
1 49551.5
1 50391.6
1 51068.9
1 51523.4
1 51911.2
1 52645.4
1 53278.5
1 53901.8
1 54470.8
1 54827.1
1 55603.9
1 55847.5
1 56234.7
1 56809.3
1 57186.5
1 57427.9
1 57925
1 58263.8
1 58481.4
1 59307.1
1 59478.2
1 59834.2
1 60946.7
1 61351.3
1 61714.9
1 62294.5
1 62871.7
1 63272.5
1 63568.3
1 64044.1
1 64561.1
1 64871
1 65118.3
1 66273.7
1 66663.3
1 67000.1
1 67794.1
1 68123.5
1 68567.7
1 69153.4
1 69635.1
1 70415.8
1 71400.5
1 71687.7
1 72136.6
1 72619.9
1 73082.9
1 73643.9
1 73886.4
1 74308
1 74776
1 75092.8
1 76267.1
1 76774.2
1 77212.8
1 77785.9
1 78200.6
1 78593.3
1 78945
1 79288.2
1 79680.2
1 80030.9
1 80391.2
1 80870.4
1 81893.6
1 82188.5
1 82509.9
1 82805.6
1 83232.3
1 83561.8
1 83903
1 84183.9
1 84468.4
1 84931.3
1 85272.1
1 85844.6
1 86739.6
1 87102.1
1 87555.9
1 87882.6
1 88125.8
1 88448
1 88772.8
1 89444.7
1 89905.9
1 90311.6
1 90622.2
1 91651.5
1 91967
1 92330.5
1 92811
1 93347.7
1 93563
1 94612.5
1 94920.7
1 95333.6
1 95642.5
1 96682.9
1 97085.2
1 97981.4
1 98179.2
1 98496
1 98953.3
1 99232.2
1 99605
1 100604
1 100929
1 101700
1 102125
1 102565
1 102816
1 103084
1 103374
1 103791
1 104247
1 104592
1 105497
1 105764
1 106176
1 106941
1 107619
1 107990
1 108249
1 108690
1 109073
1 109519
1 109748
1 110227
1 110617
1 111247
1 111876
1 112186
1 112459
1 112780
1 113201
1 113808
1 114155
1 114601
1 115108
1 115372
1 116065
1 116645
1 117050
1 117312
1 117583
1 117822
1 118343
1 118645
1 118830
1 119343
1 120061
1 120312
1 120646
1 121002
1 121952
1 122447
1 122721
1 122968
1 123619
1 124082
1 124349
1 124619
1 125398
1 125874
1 126896
1 127268
1 127916
1 128187
1 128515
1 128868
1 129134
1 129741
1 130184
1 130642
1 130930
1 131383
1 132197
1 132429
1 133020
1 133580
1 134381
1 134769
1 135006
1 135408
1 135757
1 136018
1 136535
1 137425
1 137606
1 138137
1 138488
1 138880
1 139517
1 139922
1 140435
1 141114
1 141684
1 142499
1 142913
1 143109
1 143376
1 144278
1 144750
1 145185
1 145592
1 146398
1 146897
1 148095
1 148308
1 148827
1 149264
1 149571
1 149907
1 150383
1 150784
1 151109
1 151383
1 151657
1 151991
1 152603
1 153063
1 153244
1 153942
1 154511
1 154981
1 155150
1 155420
1 156360
1 156681
1 157838
1 158055
1 158548
1 159059
1 159501
1 160168
1 160835
1 161440
1 161702
1 162115
1 162428
1 162802
2 319.443
2 957.959
2 1242.1
2 1487.54
2 2341.45
2 2838.13
2 3104.91
2 3570.49
2 3987.41
2 4407.87
2 5198.53
2 5520.3
2 6134.06
2 6628.35
2 6884.03
2 7572.08
2 7907.22
2 8685.57
2 9458.71
2 10208
2 10495.2
2 10957
2 11492.2
2 11964.6
2 12379.1
2 13138
2 13344.2
2 13665.1
2 14361.7
2 14849.2
2 15495.4
2 15905.5
2 16330.9
2 16721.1
2 16884.9
2 17363.7
2 17636.1
2 17965.7
2 18309.8
2 19164.4
2 20048.3
2 20589.4
2 20835.9
2 21126.7
2 21595.9
2 22086.5
2 22665.5
2 22948.2
2 23383.6
2 23589.6
2 24160.4
2 25145.5
2 25600.5
2 25963.4
2 26427.3
2 26957.7
2 27368.6
2 27620.5
2 28022.4
2 28540.2
2 28941.7
2 29401.4
2 30427.8
2 30882.6
2 31174.9
2 31685.7
2 32021.9
2 32593.8
2 33535.9
2 33995.5
2 34239
2 34848.7
2 35106.1
2 35437.4
2 36046.5
2 36774.7
2 37026.9
2 37572.2
2 38258.8
2 39162.2
2 39580.7
2 40223.3
2 40602.7
2 40837.4
2 41331.9
2 41604.5
2 42252.5
2 42598.8
2 43000.7
2 43654.1
2 43904.4
2 44111
2 44300.4
2 45212.2
2 45564
2 46066.2
2 46532.2
2 46960.2
2 47260
2 47813.8
2 48485.1
2 49326.3
2 49806.3
2 51068.9
2 51295.5
2 51755.4
2 52138.6
2 52499.7
2 53348.8
2 53578.2
2 53881.5
2 54420
2 54939.9
2 55439.8
2 55709.8
2 55990.4
2 56483.5
2 57083.4
2 57486
2 57754.3
2 58766.1
2 59151.3
2 59598.2
2 60966.8
2 61457.4
2 61868.1
2 62466.2
2 63147.5
2 63552.8
2 64249.5
2 64673.9
2 65115.8
2 65945.2
2 66558
2 67515.5
2 67965.9
2 68437.4
2 68672.5
2 69184.5
2 69949
2 70389.4
2 71127.2
2 71418.3
2 71641.1
2 71976.8
2 72311.2
2 72741.4
2 73520.6
2 73821.6
2 74605.2
2 75151.1
2 76304.7
2 76705.9
2 77172.3
2 77604.1
2 78031
2 78512.9
2 79132.3
2 79653.2
2 80203.6
2 80776.2
2 81748.8
2 81950.8
2 82491.6
2 82828.4
2 83255.6
2 83592.9
2 83840
2 84512.4
2 85004.9
2 85527
2 85853.4
2 86641.4
2 86913.4
2 87258.3
2 87624.2
2 87894.1
2 88280.4
2 88551.5
2 89353.7
2 89878.3
2 90109.5
2 90631.1
2 91561.5
2 92006.3
2 92477.2
2 92699.1
2 93161.6
2 93536.6
2 93968.3
2 94191.5
2 94614
2 95000.9
2 95594.6
2 96475.7
2 96861.6
2 97090
2 97439.9
2 97631.9
2 98114.8
2 98654.7
2 99193.8
2 99680.5
2 100286
2 100568
2 101034
2 101551
2 102181
2 102630
2 102949
2 103443
2 103703
2 104111
2 104362
2 104841
2 105216
2 105884
2 106254
2 106900
2 107530
2 108011
2 108383
2 108876
2 109312
2 110052
2 110542
2 110828
2 111143
2 111889
2 112223
2 112484
2 112693
2 113279
2 113806
2 114090
2 114353
2 115081
2 115403
2 115810
2 117314
2 117612
2 118006
2 118320
2 118631
2 119100
2 119472
2 119678
2 120056
2 120675
2 120984
2 121686
2 122135
2 122558
2 123012
2 123553
2 123750
2 124056
2 124406
2 124953
2 125517
2 125835
2 127307
2 127932
2 128344
2 128609
2 129053
2 129389
2 129792
2 130439
2 130924
2 131600
2 132520
2 132968
2 133313
2 133623
2 133904
2 134515
2 135187
2 135665
2 136256
2 136679
2 137182
2 137525
2 137795
2 138236
2 138637
2 139125
2 139892
2 140143
2 140500
2 140764
2 141389
2 141717
2 142624
2 143196
2 143424
2 143708
2 143925
2 144260
2 144798
2 145140
2 145433
2 145685
2 146325
2 146980
2 148019
2 148673
2 149237
2 149583
2 149950
2 150357
2 151146
2 151488
2 151968
2 152822
2 153106
2 153658
2 154198
2 154515
2 154890
2 155327
2 155661
2 156221
2 156587
2 157246
2 158001
2 158417
2 158825
2 159495
2 159786
2 160331
2 160813
2 161309
2 161788
2 162668
3 444.999
3 956.99
3 1275.94
3 1562.13
3 1998.32
3 2545.88
3 2820.78
3 3079.08
3 3325.5
3 3607.23
3 3909.04
3 4625.57
3 5421
3 5582.02
3 5855.36
3 6643.79
3 7002.7
3 7237.94
3 7485.18
3 7925.1
3 8439.7
3 9121.9
3 9540.1
3 10399.5
3 11278.2
3 11745.6
3 12395.8
3 12705
3 12957
3 13291.7
3 13607.5
3 14143.2
3 15117.5
3 15402.9
3 15651.7
3 16209.4
3 17233.8
3 17573.3
3 17985.9
3 18386.1
3 18909.8
3 19376
3 20018.8
3 20719.5
3 21153.5
3 21628
3 21875.7
3 22261.9
3 22613.2
3 22838.1
3 23063.8
3 23390
3 24288.3
3 25334.4
3 25867.7
3 26355.4
3 26593
3 27052.5
3 27380.3
3 27988.4
3 28355.2
3 29198.6
3 30256.1
3 30965
3 31492.3
3 31964.8
3 32243.3
3 32579.5
3 33053.2
3 33335.2
3 33879.2
3 34267.5
3 35002.1
3 35311.5
3 35690
3 36119.3
3 36371.1
3 36773
3 37275.6
3 37539.5
3 38076.5
3 38611.9
3 39203.7
3 40116.4
3 40553.4
3 40932.3
3 41166.1
3 41523.2
3 41835.3
3 42064.2
3 42450.3
3 42894.8
3 43218.5
3 44098.1
3 44547.5
3 45368.6
3 45859.4
3 46409
3 46836.4
3 47072.1
3 47416.5
3 47675
3 48024.3
3 48450.7
3 49084.4
3 49654.8
3 50821.2
3 51344
3 51590.3
3 51915.7
3 52787.2
3 53027.4
3 53596.8
3 54584.5
3 54998.6
3 55534.9
3 55866.2
3 56509.6
3 56834.4
3 57333.5
3 57989.4
3 58462.1
3 58972.9
3 59377.2
3 59987.9
3 60786.3
3 61502.5
3 62325.6
3 62742.9
3 63314.8
3 63667.2
3 63964.6
3 64192.8
3 64677.8
3 65097.8
3 66053.3
3 66835.3
3 67267.4
3 67574.3
3 67911.4
3 68204.4
3 68765.9
3 69139.1
3 69576.6
3 69876.4
3 70271.8
3 70613.2
3 71397.7
3 72208.9
3 72641.4
3 73067.8
3 73425.7
3 73811.3
3 74139.4
3 74342.7
3 75090.5
3 75599
3 76101.8
3 76652.5
3 77272.9
3 78102.4
3 78632.1
3 79181.8
3 79656.9
3 80215.9
3 80670.8
3 81388.2
3 81986.6
3 82395.4
3 83078.5
3 83828.5
3 84075.1
3 84758.4
3 85035.2
3 85719.5
3 86931.8
3 87440.8
3 88107.3
3 88457.2
3 89077.2
3 89759
3 90438.3
3 90788.2
3 91599.9
3 91870
3 92315.7
3 92909.6
3 93370.4
3 93729.1
3 94418.9
3 95007.1
3 95246.2
3 95904.8
3 96568.4
3 97146.4
3 98191.8
3 98545.7
3 98993.2
3 99529.2
3 100535
3 100785
3 101773
3 102415
3 102740
3 103012
3 103250
3 103676
3 104374
3 104823
3 105162
3 105533
3 105714
3 106164
3 106728
3 107186
3 107656
3 107978
3 108441
3 108961
3 109572
3 109849
3 110622
3 111433
3 112037
3 112410
3 112675
3 113081
3 113391
3 113735
3 114178
3 114591
3 115128
3 115439
3 115808
3 116833
3 117246
3 118099
3 118508
3 118807
3 119089
3 119563
3 120076
3 120300
3 120923
3 121995
3 122406
3 122863
3 123741
3 124088
3 124757
3 125069
3 125372
3 125690
3 126388
3 127271
3 127896
3 128296
3 129157
3 129705
3 130232
3 130729
3 131290
3 131638
3 132271
3 132589
3 132988
3 133399
3 133898
3 134229
3 134696
3 135626
3 135991
3 136461
3 137483
3 137979
3 138253
3 138646
3 139103
3 139394
3 139856
3 140193
3 140359
3 141280
3 141780
3 142868
3 143513
3 144140
3 144481
3 144748
3 145009
3 145424
3 145763
3 146263
3 146618
3 147203
3 147744
3 148162
3 148638
3 148882
3 149196
3 149487
3 150258
3 151083
3 151671
3 151941
3 152836
3 153254
3 153662
3 154051
3 154679
3 155104
3 155519
3 155866
3 156388
3 156768
3 157977
3 158155
3 158644
3 159156
3 159664
3 160052
3 160929
3 161812
3 162025
3 162671
4 322.986
4 853.315
4 1259.27
4 1709.02
4 1936.33
4 2346.74
4 2861.17
4 3482.33
4 3803.34
4 4079.32
4 4389.38
4 5406.24
4 6532.3
4 7180.97
4 7418.01
4 7798.69
4 8494.77
4 9033.33
4 9480.72
4 10080.7
4 10280.4
4 10500.9
4 10769.4
4 11041.3
4 11565.8
4 11881.8
4 12480.7
4 12983.3
4 13399.4
4 13941.1
4 14423.8
4 14970.6
4 15464.2
4 16011.5
4 16227.9
4 16912
4 17302.9
4 17628
4 18241.2
4 18761.9
4 19015.9
4 19463.3
4 20127.5
4 20393.2
4 20690.7
4 21253
4 22248.6
4 22935
4 23417.8
4 23707.3
4 24355.2
4 25108
4 25819.3
4 26277.8
4 26618.7
4 27256.8
4 27922.4
4 28283
4 28606.2
4 29177.8
4 29869.4
4 30275.3
4 30616
4 31289.3
4 31619.5
4 32346.9
4 32629.4
4 33094.9
4 33890.8
4 34360.8
4 35320.1
4 35798.3
4 36101.6
4 36765.8
4 37123.3
4 37631.8
4 38081.5
4 38710
4 39415.7
4 40501.8
4 40962.6
4 41562.6
4 42033.5
4 42376.6
4 42787.6
4 43072.5
4 43707.2
4 44288
4 45361.5
4 45844.9
4 46450.5
4 46978.8
4 47585
4 47894.7
4 48988.6
4 49393.4
4 49975.4
4 50672.6
4 51037.8
4 51429.4
4 51890.3
4 52132.2
4 52658.3
4 52944.6
4 53382.8
4 53936.4
4 54312.1
4 54673.4
4 55688.6
4 56135.2
4 56621.3
4 57086.4
4 57467.7
4 57971.1
4 58298.5
4 58751.2
4 59088.2
4 59491.2
4 59752.4
4 60939.6
4 61589.9
4 62112.9
4 62641.7
4 63077.8
4 63463.6
4 63691.6
4 64172.9
4 64717.6
4 65140.1
4 65942.4
4 66229.4
4 66963
4 67245.2
4 67814.4
4 68455.1
4 68795.6
4 69341.1
4 69977.1
4 70284.1
4 71165.9
4 71681.6
4 72323
4 72762.6
4 73304.1
4 73671.3
4 74053
4 74407.1
4 74654.5
4 75340.6
4 76173.5
4 76484
4 76885.6
4 77398
4 78332.4
4 78863.1
4 79854.9
4 80163.3
4 80560.2
4 81501.4
4 81894.6
4 82981.8
4 83335.5
4 83668.9
4 84178.2
4 85090
4 85700
4 86033.7
4 86696.6
4 87244.1
4 87925.6
4 88164.4
4 88687.3
4 89170.5
4 89566.9
4 89945.6
4 90434.8
4 90672.6
4 91493.7
4 92161.4
4 92446.3
4 92656.7
4 93084.4
4 93453
4 93950.2
4 94221.7
4 94650.4
4 95185.5
4 95402.6
4 95955.4
4 96957.8
4 97336.4
4 97719
4 98130.8
4 98631
4 98889.6
4 99401.2
4 99903
4 100421
4 100665
4 101776
4 102147
4 102313
4 103152
4 103713
4 104281
4 104954
4 105530
4 105890
4 106991
4 107396
4 107880
4 108289
4 108859
4 109203
4 109487
4 109786
4 110068
4 110403
4 111187
4 111928
4 112213
4 112548
4 112935
4 113289
4 113892
4 114299
4 114909
4 115753
4 116050
4 116973
4 117382
4 117805
4 118382
4 118854
4 119338
4 119849
4 120161
4 120750
4 121229
4 122017
4 122790
4 123292
4 123765
4 124056
4 124463
4 124769
4 125504
4 125765
4 127098
4 127870
4 128368
4 128623
4 129215
4 129782
4 130278
4 130849
4 131190
4 131602
4 132234
4 132750
4 133008
4 133249
4 133715
4 133963
4 134396
4 134764
4 135379
4 136110
4 136424
4 137533
4 137842
4 138288
4 138667
4 139259
4 139510
4 139904
4 140290
4 140899
4 141472
4 142831
4 143282
4 143654
4 144160
4 144505
4 144782
4 145121
4 145606
4 146365
4 146667
4 147050
4 147830
4 148531
4 149005
4 149284
4 150114
4 150472
4 151181
4 151568
4 151996
4 152738
4 153709
4 154190
4 154812
4 155327
4 155816
4 156094
4 156844
4 157915
4 158476
4 159093
4 160058
4 160274
4 160862
4 161387
4 161683
4 162313
4 162648
5 518.587
5 971.362
5 1438.75
5 1709.41
5 1913.6
5 2306.73
5 2750.97
5 3226.96
5 3752.44
5 4091.86
5 4361.76
5 4562.19
5 5364.63
5 5582.02
5 6082.08
5 6472.12
5 6736.89
5 7067.51
5 7693.28
5 8240.19
5 8604.51
5 8902.09
5 9494.84
5 10007.7
5 10408.8
5 11106.9
5 11442.6
5 11893.1
5 12206.5
5 12835.8
5 13299
5 13675.9
5 14273.7
5 15017
5 15220
5 15513.9
5 15765.7
5 16343.9
5 16673.6
5 17037.7
5 17752.7
5 18053.3
5 18399.7
5 18578.8
5 19004.7
5 19306.3
5 20395.1
5 20662.3
5 21193.3
5 22040.7
5 22678.2
5 22992
5 23376.3
5 23610.1
5 24315.1
5 25020.2
5 25301.9
5 25725.6
5 26026.3
5 26861.8
5 27150
5 27502.2
5 28194.8
5 28626.5
5 29212
5 30042.3
5 30282.5
5 30949.8
5 31157
5 31606.6
5 32050.9
5 32617.2
5 33073.8
5 33552.6
5 33897.4
5 34180.9
5 34905.8
5 35317.7
5 35841
5 36152
5 36447.8
5 37083.9
5 37608.4
5 38187.5
5 38542.5
5 39146.2
5 39538.6
5 40327.2
5 40921.1
5 41449.1
5 41737.6
5 42119.5
5 42485.1
5 43033
5 43384.8
5 43685.7
5 43907.8
5 44441.3
5 45374.8
5 45645.6
5 46057.3
5 46608.9
5 46843.6
5 47363.5
5 47939.4
5 48402.9
5 48626.9
5 49101.3
5 49403.5
5 50534.4
5 51049.9
5 51497.1
5 51990.2
5 52214.7
5 52605.7
5 53361.9
5 53762.6
5 54277.4
5 54618.3
5 55051
5 55534.9
5 55697.4
5 56066.6
5 56409.3
5 57144.1
5 57549.1
5 58054.4
5 58478.7
5 58891.1
5 59281.8
5 59761.4
5 60769.4
5 61022.6
5 61448.5
5 61988.3
5 62634.5
5 63303.1
5 63582.1
5 64117.9
5 64513.7
5 64918.8
5 65361.5
5 65931
5 66572.8
5 66949.2
5 67233.6
5 67486.1
5 68021
5 68693.3
5 69089.9
5 69524.7
5 69718.4
5 70012.9
5 70271.8
5 70562.9
5 71203.6
5 71509.1
5 71915.4
5 72155.9
5 72714.1
5 73098.3
5 73515.4
5 73899.1
5 74440.2
5 74914.5
5 75209
5 76285.7
5 76677.2
5 76966.6
5 77531
5 77904.3
5 78503.4
5 79040.3
5 79415.7
5 79952.1
5 80274.2
5 80706.5
5 81730.7
5 82084.4
5 82529.3
5 82877.2
5 83709.1
5 84226.7
5 84485.9
5 84828.8
5 85132.7
5 85866.2
5 86838
5 87220.2
5 87847.2
5 88116.2
5 88672.8
5 89149.6
5 89431.5
5 90221.7
5 90626.1
5 91670.5
5 92458.9
5 92786.2
5 93453.4
5 93839.7
5 94304.5
5 94609
5 95095.7
5 95715.6
5 96478.2
5 96819.4
5 97008.9
5 97384.9
5 97579.2
5 97846.3
5 98512
5 99031.6
5 99322.6
5 99912
5 100741
5 101548
5 101905
5 102309
5 102581
5 103068
5 103323
5 103588
5 103798
5 104271
5 104778
5 105198
5 105962
5 106768
5 107425
5 107716
5 108298
5 108673
5 109210
5 109480
5 109690
5 109967
5 110259
5 110770
5 111053
5 111862
5 112325
5 112546
5 112823
5 113190
5 113554
5 114105
5 114438
5 114754
5 115306
5 115476
5 115788
5 116660
5 117342
5 117833
5 118447
5 119035
5 119285
5 119712
5 120309
5 120841
5 121668
5 122204
5 122527
5 123028
5 123287
5 124134
5 124751
5 125200
5 125933
5 127268
5 127908
5 128317
5 128777
5 129139
5 129480
5 129657
5 130113
5 130496
5 131195
5 131547
5 132317
5 132559
5 132985
5 133459
5 133793
5 134522
5 134882
5 135506
5 136002
5 136530
5 137200
5 137881
5 138284
5 138484
5 138900
5 139271
5 139755
5 140274
5 140717
5 141587
5 142690
5 143048
5 143598
5 144137
5 144400
5 144922
5 145291
5 146061
5 146395
5 146733
5 147165
5 147852
5 148300
5 148703
5 148953
5 149380
5 149793
5 150211
5 150521
5 150974
5 151226
5 151748
5 152585
5 153099
5 153461
5 153804
5 154345
5 154578
5 154904
5 155135
5 155581
5 155900
5 156397
5 156711
5 158072
5 158659
5 159112
5 159606
5 160136
5 160749
5 160980
5 161655
5 161937
5 162446
5 162857
6 504.496
6 1478.06
6 2287.65
6 3351.25
6 3614.57
6 3877.99
6 4338.8
6 4763.35
6 5353.44
6 5650.53
6 6256.94
6 6745.48
6 7364.89
6 7658.35
6 8074.32
6 8308.4
6 8723.6
6 9427.69
6 10204.4
6 10537.5
6 11006.3
6 11492.2
6 11847.1
6 12159.6
6 12607.8
6 13066
6 13420.5
6 13830.7
6 14039.9
6 15130.3
6 15470.3
6 15995
6 16536
6 16841.8
6 17272.6
6 18114
6 18756.7
6 19424.4
6 20666.6
6 20937
6 21231.2
6 21696.5
6 22194.1
6 22548.8
6 23067.4
6 23507.3
6 24229
6 25008.6
6 25468.3
6 25972.7
6 26372.8
6 26764
6 27222.7
6 27638.1
6 27941.4
6 28370.5
6 28631.6
6 29206.6
6 30233.4
6 30623.1
6 31185.1
6 31643.7
6 32079.4
6 32609.5
6 33077.7
6 33649.6
6 34322.7
6 35106.1
6 35379.4
6 35815.1
6 36207.1
6 37013.8
6 37449.9
6 37772.5
6 38125.4
6 38402.2
6 39118.7
6 39363.3
6 40209.9
6 40705.3
6 41502.6
6 42176
6 42470.5
6 42876.4
6 43614
6 43911.1
6 44267.3
6 45409.9
6 46149
6 46705.5
6 47181.6
6 47800.2
6 48188.9
6 48434.5
6 48912.8
6 49306.1
6 49755.1
6 50668.1
6 51487.1
6 51782.8
6 52433.3
6 53022.7
6 53367.2
6 53702.3
6 53984.2
6 54558.7
6 54817.3
6 55656.3
6 56014.8
6 56387.1
6 57467.7
6 58479
6 59001.1
6 59369.2
6 59868.5
6 60672.2
6 60887.2
6 61525.8
6 62036.2
6 62280.5
6 62807
6 63111.1
6 64008.4
6 64348.2
6 64768.5
6 65086.1
6 66229.5
6 66437
6 66970.8
6 67402.5
6 67959.2
6 68395.5
6 68886.2
6 69939.6
6 70316
6 71418.4
6 71663.9
6 71834.5
6 72187.7
6 72774.2
6 73149.6
6 73632.4
6 73894.7
6 74143
6 74749.5
6 75062.6
6 75505.6
6 76348.4
6 76876.6
6 77287.8
6 77577.4
6 77816.2
6 78107.1
6 78326.3
6 78718.9
6 78989.3
6 79324.5
6 79669.7
6 79966.9
6 80263.2
6 80828.4
6 81620.2
6 82148.3
6 82466.7
6 82816.1
6 83625.3
6 83932.6
6 84457.4
6 84964.9
6 85673.2
6 85996.4
6 86676.5
6 86958.2
6 87326.2
6 87548.5
6 87958.2
6 88306.4
6 88771.7
6 89295
6 89567
6 89885.9
6 90457.4
6 90979.8
6 91861.2
6 92301.5
6 92654.1
6 93229.9
6 93678.4
6 93860.8
6 94412.7
6 94641.2
6 95270.9
6 95536.4
6 96469.7
6 96934.9
6 97427.4
6 97907.8
6 98191.8
6 98791
6 99368.1
6 99646.7
6 99971.4
6 100445
6 100919
6 101791
6 102688
6 103267
6 103734
6 104305
6 104628
6 105010
6 105354
6 105626
6 106002
6 107153
6 107402
6 107973
6 108369
6 108805
6 109203
6 109741
6 110366
6 110634
6 111047
6 111397
6 112413
6 112967
6 113627
6 113964
6 114174
6 114685
6 115131
6 115638
6 115992
6 116813
6 117250
6 117493
6 117694
6 118177
6 118471
6 119032
6 119597
6 120336
6 120832
6 121034
6 121830
6 122332
6 122853
6 123297
6 123612
6 123968
6 124478
6 124743
6 125028
6 125316
6 125904
6 126913
6 127512
6 128326
6 128935
6 129444
6 130229
6 130640
6 131210
6 131602
6 132273
6 132943
6 133730
6 134185
6 134500
6 135015
6 135611
6 136083
6 136464
6 137196
6 137574
6 137992
6 138305
6 139014
6 139303
6 139677
6 140084
6 140362
6 140748
6 141420
6 141967
6 142546
6 142958
6 143525
6 143769
6 144204
6 144732
6 145567
6 145787
6 146182
6 147227
6 147661
6 148019
6 148221
6 148697
6 149025
6 149322
6 149884
6 150289
6 150724
6 151509
6 151868
6 152980
6 153439
6 153788
6 154117
6 154462
6 154790
6 155398
6 155958
6 156225
6 156756
6 157810
6 158114
6 158623
6 158942
6 159709
6 160555
6 161216
6 161638
6 162030
6 162716
7 384.597
7 617.736
7 1044.19
7 1324.55
7 1913.59
7 2548.47
7 2931.74
7 3222.27
7 3514.27
7 3906.41
7 4395.18
7 5424.33
7 5695.98
7 6013.92
7 6745.91
7 7081.43
7 7503.02
7 7918.4
7 8827.26
7 9238.17
7 10408.8
7 11285.5
7 11718
7 11972.2
7 12343.9
7 12627.6
7 12851.2
7 13406.5
7 13834.2
7 14278.3
7 15125.8
7 15510.5
7 16003
7 16326.6
7 16558.2
7 16782.9
7 17209.5
7 17843
7 18311.1
7 18697.2
7 19027.7
7 20004
7 20324.8
7 20607.8
7 20863.7
7 21436.2
7 21752.6
7 21987.2
7 22648.7
7 22985.4
7 23545.8
7 23924.5
7 24296.3
7 25235.4
7 25619.2
7 25896.6
7 26226.9
7 26573.4
7 26942.8
7 27145.4
7 27649.7
7 27984.9
7 28380
7 28964
7 29172.6
7 30213.5
7 30785.9
7 31137.9
7 31570.1
7 31783
7 31960.8
7 32291.1
7 32609.6
7 32849.7
7 33184.5
7 33471.3
7 33969.3
7 34364.3
7 34893.6
7 35239.2
7 35675.4
7 36219.8
7 36577.1
7 36867.5
7 37430.4
7 37862.7
7 38090.2
7 38411.9
7 38923.1
7 39255.9
7 40179.4
7 40578.3
7 41147.8
7 41687.2
7 41985.1
7 42371.9
7 42949.9
7 43331.2
7 43634.6
7 43895.2
7 44407.6
7 45238.8
7 45702.5
7 46173.2
7 46478.8
7 46783.3
7 47183.1
7 47884.8
7 48467.4
7 49260.5
7 49738.2
7 50739.7
7 51104.6
7 51422.6
7 51659.6
7 51987.1
7 52275.8
7 53347.4
7 53680
7 53884.5
7 54345.5
7 54603.9
7 54807.2
7 56029.1
7 56565.9
7 56780.3
7 57068.6
7 57408
7 57878.3
7 58369.4
7 58664.8
7 58905.7
7 59480.1
7 59905.4
7 60952.6
7 61479.4
7 62282.4
7 62508.7
7 62841.4
7 63243
7 64036.7
7 64320.7
7 64620
7 64933.1
7 66254.8
7 66632
7 66898.6
7 67245.6
7 67957.7
7 68294.6
7 68475.9
7 69107.3
7 69382.6
7 69714.3
7 70399.2
7 71222.6
7 71536.7
7 72150.3
7 72470.2
7 72814.8
7 73220.2
7 73611
7 73999.4
7 74378.2
7 74754.5
7 75417.4
7 76554.8
7 76788.8
7 77167
7 77858.4
7 78174.1
7 78834.4
7 79237.8
7 80081.3
7 80345.3
7 80682.3
7 81770.7
7 82234.7
7 82685.3
7 83004.7
7 83402.8
7 83644.2
7 84126.8
7 84476.6
7 84799.3
7 85148.4
7 85351.5
7 85627.3
7 85931.8
7 86931.3
7 87526.7
7 87839.2
7 88284.2
7 88939.6
7 89158.1
7 89841.6
7 90308.2
7 90821.1
7 92345.2
7 92696
7 92993.5
7 93352.8
7 93848.8
7 94177.4
7 94604.2
7 95001.3
7 95323.3
7 95763.4
7 96425.7
7 96704.8
7 97291.2
7 97515.5
7 98066.5
7 98425.8
7 98819.7
7 99308.8
7 99854.5
7 100293
7 100723
7 101872
7 102129
7 102964
7 103514
7 103935
7 104298
7 104707
7 105413
7 105702
7 106139
7 106862
7 107774
7 108010
7 108245
7 108542
7 108875
7 109149
7 109527
7 110080
7 110458
7 110790
7 111175
7 112346
7 113063
7 113568
7 113746
7 114109
7 114440
7 114754
7 115199
7 115496
7 115806
7 117350
7 117749
7 118172
7 118919
7 119678
7 120165
7 120552
7 120900
7 121710
7 122056
7 122557
7 122840
7 123080
7 123482
7 123675
7 124123
7 124510
7 124773
7 125216
7 125443
7 125725
7 127294
7 127685
7 127878
7 128099
7 128482
7 129218
7 129474
7 130196
7 130476
7 130729
7 131088
7 131368
7 132223
7 132549
7 133002
7 133448
7 133729
7 134148
7 134678
7 134903
7 135109
7 135353
7 136097
7 136417
7 137413
7 137628
7 137985
7 138271
7 138755
7 139633
7 140108
7 140889
7 141441
7 142820
7 143163
7 143725
7 143886
7 144598
7 145086
7 145328
7 146345
7 146793
7 147128
7 147952
7 148540
7 148910
7 149318
7 149655
7 150121
7 150438
7 150948
7 151702
7 152072
7 152507
7 153059
7 153498
7 153928
7 154099
7 154721
7 155081
7 155503
7 155786
7 156356
7 156844
7 158012
7 158243
7 158541
7 158895
7 159825
7 160253
7 161092
7 161664
7 162152
7 162542
7 162789
8 519.906
8 862.788
8 1566.51
8 1861.27
8 2267.29
8 2717.16
8 3032.15
8 3359.1
8 3723.98
8 4272.27
8 4475.19
8 5839.89
8 6119.25
8 6382.71
8 6777.23
8 7220.5
8 7528
8 7881.23
8 8291.5
8 8613.21
8 9030.93
8 9304.81
8 10280.5
8 10669.5
8 10933.3
8 11254.4
8 11662.6
8 12072.1
8 12250.7
8 12498
8 12817.6
8 13236.3
8 14253.7
8 15464.3
8 15730.5
8 16719
8 17237.5
8 17827.3
8 18287.7
8 18870.6
8 19194.5
8 20308.4
8 21130.8
8 21413.9
8 21686.1
8 22267.5
8 22524.7
8 22940.7
8 23374.3
8 23583.4
8 24152.8
8 24537.2
8 25031.3
8 25918.2
8 26509.8
8 27316.2
8 27509.7
8 27858.7
8 28423
8 28651.9
8 29030.4
8 29483.4
8 30366.9
8 31046.5
8 31453.7
8 31810.6
8 32128.5
8 32462.1
8 33002.4
8 33357.4
8 33920.6
8 34167.7
8 35223
8 35556.5
8 36198.8
8 37070.2
8 37421.1
8 37782.5
8 38293.9
8 38659.9
8 38891.1
8 39100.9
8 39471.5
8 40235.4
8 40512.2
8 41122.4
8 41388.9
8 41994.7
8 42220.7
8 42691.4
8 43518.3
8 43772.5
8 44262.6
8 44676
8 45198.5
8 45791.2
8 46057.3
8 46800.7
8 47133.9
8 47429.3
8 47782.2
8 48112.6
8 48385.6
8 48635.5
8 49032.8
8 49598.7
8 50793.6
8 51058.6
8 51443.6
8 51640
8 51906.7
8 52397.5
8 52674.5
8 53390.4
8 53561.6
8 53874.6
8 54287.9
8 54743.1
8 56305.5
8 56662.5
8 57050.5
8 57310.1
8 57492.1
8 58054.4
8 58280.9
8 58996.2
8 59555.5
8 60135.9
8 60808.9
8 61090.3
8 61632.6
8 61943.2
8 62370.6
8 62770.7
8 63257.4
8 64003
8 64469.2
8 65051.3
8 66039.7
8 66408.6
8 66793.2
8 67527.9
8 67810.6
8 68180.5
8 68673.9
8 69311.8
8 69762.8
8 70271.7
8 70520.1
8 71589
8 71855.6
8 72194.5
8 72549.1
8 73184.4
8 73519.7
8 73819.8
8 74095.9
8 74645.4
8 74996.7
8 75363.7
8 76320.4
8 76669.9
8 77080
8 77368.4
8 77893.2
8 78245.5
8 78829.7
8 79191.8
8 79811.8
8 80380.5
8 80926.8
8 81793.4
8 81945.6
8 82952.3
8 83456
8 83727.1
8 83979.3
8 84416.2
8 84684.2
8 84914.7
8 85532.6
8 85916
8 86608.8
8 86981.6
8 87296.6
8 87710.5
8 87984.3
8 88368.4
8 88947.5
8 89441.2
8 90201.9
8 90654.5
8 91590.2
8 91935.2
8 92211.7
8 92616.8
8 92927.7
8 93356.7
8 93688.1
8 94146.1
8 94446.9
8 94836.6
8 95558.4
8 96605.1
8 97236
8 97714.2
8 97892.2
8 98429.1
8 98811.7
8 99748.3
8 100063
8 100466
8 100700
8 101735
8 102080
8 102931
8 103412
8 104007
8 105111
8 105571
8 106193
8 106905
8 107708
8 108181
8 108542
8 108859
8 109231
8 109720
8 110096
8 110578
8 110874
8 111097
8 112261
8 112862
8 113233
8 113660
8 114024
8 114438
8 115077
8 115652
8 115949
8 116666
8 117598
8 117776
8 118392
8 118715
8 119041
8 119395
8 119734
8 120144
8 120829
8 121073
8 121913
8 122517
8 123134
8 123501
8 123853
8 124451
8 124731
8 124875
8 125297
8 125877
8 126970
8 127505
8 127965
8 128728
8 129359
8 129592
8 130160
8 130726
8 131132
8 131439
8 132129
8 132893
8 133503
8 134078
8 134390
8 135030
8 135260
8 135433
8 135778
8 136265
8 137644
8 137932
8 138202
8 138626
8 139241
8 139642
8 140139
8 140782
8 141034
8 141523
8 142642
8 143002
8 143678
8 143833
8 144414
8 144723
8 145163
8 145993
8 146333
8 146786
8 147049
8 147739
8 148028
8 148953
8 149256
8 149735
8 149978
8 150453
8 150974
8 151405
8 151814
8 152644
8 153145
8 153692
8 154223
8 154525
8 154957
8 155187
8 155802
8 155932
8 156608
8 157966
8 158164
8 158461
8 159602
8 160171
8 160780
8 161249
8 161543
8 162031
8 162626
9 440.239
9 697.525
9 1239.59
9 1917.02
9 2397.74
9 2799.58
9 3511.39
9 3900.08
9 4230.29
9 4526.28
9 5483.41
9 5778.4
9 6139.59
9 6448.59
9 6684.16
9 6973.58
9 7326.49
9 7610.7
9 7897.18
9 8740.33
9 9169.38
9 9535.2
9 10162.4
9 10406.3
9 10851.3
9 11268.9
9 11674.7
9 11900.3
9 12375.4
9 12895
9 13304.8
9 14017.3
9 15144.4
9 15592.4
9 16160.7
9 16409.3
9 16679.1
9 17170.6
9 17454.8
9 17695.2
9 18222.2
9 18482.7
9 19190.2
9 20304.8
9 20564.9
9 20846.9
9 21123.6
9 21343.1
9 21623.2
9 22173.2
9 22692.9
9 23112.5
9 23577.3
9 24021.8
9 24443.8
9 25269.6
9 25849.4
9 26339.8
9 26803.3
9 27324
9 27920.5
9 28428.9
9 28690
9 29168.2
9 30941.9
9 31314.3
9 31752.1
9 31922.6
9 32302.8
9 32624.5
9 33024.9
9 33524
9 34068.1
9 34405.6
9 35128.4
9 35604.9
9 36161
9 36480.1
9 36860
9 37333.9
9 37690.2
9 38178
9 38721
9 39269.2
9 40046.4
9 40306.6
9 40897.1
9 41244.2
9 41734.6
9 42157.1
9 42532.8
9 43078.5
9 43634.6
9 44233.2
9 44550.9
9 45541
9 45913.4
9 46695.8
9 47288.9
9 47663.3
9 48433.5
9 48820.9
9 49191.2
9 49553.6
9 50670.8
9 50836.2
9 51439.1
9 52078.1
9 52593.5
9 52922.4
9 53368
9 53879
9 54241.3
9 54635.3
9 55570.7
9 55972.2
9 56302.5
9 56568.8
9 57092.1
9 57660
9 58158
9 58466.1
9 58702.3
9 59085.2
9 59266.4
9 59853.9
9 60773.2
9 61113.2
9 61759.8
9 62100.9
9 62434.7
9 62935
9 63595.4
9 64244.6
9 64494.4
9 65086.3
9 65972.7
9 66276.9
9 66847
9 67043.6
9 67490.1
9 67901.3
9 68146.4
9 68696.5
9 69102.8
9 69863.8
9 70589.2
9 71109.7
9 71359
9 71677.2
9 72273.8
9 72677.3
9 72867.2
9 73069.2
9 73832.2
9 74378.3
9 74515.9
9 74805.9
9 75130.7
9 76112.4
9 76445.7
9 76959.8
9 77990
9 78506.2
9 79038.2
9 79418.3
9 80116.2
9 80351.9
9 80685.2
9 81906
9 82372.1
9 82631.3
9 82891.7
9 83242.1
9 83653.1
9 84154.6
9 84436.3
9 85046.6
9 85453.1
9 85732.9
9 86683.8
9 86943.9
9 87496.4
9 87748.4
9 88368.4
9 88939.7
9 89259.8
9 89737.7
9 90175.7
9 90390.6
9 90823.5
9 91450.3
9 91891.8
9 92267.2
9 92684.8
9 93379.9
9 93627.3
9 93843.8
9 94328.3
9 94632
9 95150.2
9 95372.2
9 95800.5
9 96475.3
9 96774.9
9 97096.5
9 97530.7
9 97994.1
9 98299.4
9 98509.3
9 98817.8
9 99657.7
9 100116
9 100707
9 101798
9 102267
9 102808
9 103227
9 103662
9 104182
9 105279
9 105808
9 106180
9 107020
9 107842
9 108755
9 109114
9 109727
9 110122
9 110515
9 110779
9 111093
9 112253
9 112585
9 112880
9 113390
9 113783
9 114190
9 114434
9 114922
9 115513
9 116017
9 116652
9 116939
9 117352
9 117814
9 118083
9 118441
9 118689
9 119108
9 119354
9 119664
9 120023
9 120306
9 120807
9 121106
9 121952
9 122341
9 122600
9 122944
9 123473
9 124089
9 124619
9 125312
9 125809
9 127177
9 127527
9 128524
9 128728
9 129295
9 129604
9 129903
9 130330
9 130741
9 131430
9 132437
9 132715
9 133057
9 133479
9 133704
9 134378
9 134641
9 135055
9 135502
9 135957
9 136543
9 137110
9 137688
9 138004
9 138510
9 138914
9 139145
9 139901
9 140131
9 140594
9 140875
9 141390
9 141647
9 142638
9 143733
9 144250
9 144753
9 145517
9 146003
9 146807
9 147898
9 148272
9 148838
9 149394
9 149589
9 150217
9 150543
9 151042
9 151711
9 152092
9 152735
9 153462
9 153786
9 154062
9 154445
9 154742
9 154939
9 155348
9 155751
9 155994
9 156363
9 156754
9 158079
9 158376
9 158801
9 159598
9 160164
9 160324
9 160683
9 161517
9 161960
9 162344
9 162606
10 549.995
10 1344.59
10 1874.34
10 2537.35
10 3388.62
10 3791.38
10 4301.46
10 4635.38
10 5768.64
10 6279.85
10 6873.91
10 7465.76
10 7978.38
10 8350.66
10 8685.59
10 8975.38
10 9298.09
10 10076.8
10 10368.2
10 10857
10 11451.5
10 11885.1
10 12471.3
10 13051.6
10 13306.4
10 13981.8
10 14460.5
10 15064.1
10 15756.2
10 16246.6
10 16512
10 16856.1
10 17312.8
10 17595.9
10 18114
10 18391.3
10 19041.5
10 20321.8
10 20528.9
10 20832.9
10 21136.7
10 21820
10 22019.1
10 22455.3
10 23591.9
10 24119.2
10 24492
10 25258.9
10 25485
10 26232.5
10 26604
10 26960.7
10 27240
10 27816.3
10 28501.8
10 28834.4
10 29066.8
10 29472.9
10 30306.7
10 30623.1
10 30899.3
10 31673.6
10 31998.8
10 32474.6
10 32877.2
10 33551.5
10 34070.2
10 34941.9
10 35189
10 35705.7
10 36207
10 36714.5
10 37338.3
10 37679
10 38181.5
10 38688.6
10 38993.6
10 39530.6
10 40048.1
10 40494.2
10 40884.4
10 41325.3
10 41908
10 42523.4
10 42989.8
10 43808.3
10 44566.4
10 45424.5
10 45841.4
10 46226.1
10 46666.1
10 47109.4
10 47851.5
10 48367.3
10 48978.4
10 49445.2
10 50786.7
10 51131
10 51782.8
10 52094.7
10 52345.9
10 52819.9
10 53327.2
10 54114.2
10 54467.4
10 54766.1
10 55926.9
10 56367.9
10 56625.8
10 56948.6
10 57263.4
10 57704.1
10 58314.9
10 58620
10 59100.8
10 59673.5
10 60602.9
10 61001.2
10 61452.4
10 62004.7
10 62305
10 62888.1
10 63093.1
10 63568.3
10 63829
10 64369.4
10 64761.7
10 65288.6
10 66219.4
10 66842.6
10 67011
10 67389.8
10 67911.3
10 68206.9
10 68634.9
10 68999.1
10 69389.8
10 69883.4
10 70362.6
10 71594
10 72306.6
10 72565.8
10 72922.5
10 73292.9
10 73722.6
10 74027.1
10 74415.9
10 75211.8
10 76259.1
10 76655.9
10 77307.4
10 77795.9
10 78212.9
10 78873.7
10 79206.8
10 79556
10 80178.5
10 80476
10 81527.9
10 81992
10 82310.9
10 82924.2
10 83501.6
10 83846.9
10 84404.3
10 84928.6
10 85268.2
10 85826
10 87033.1
10 87365.8
10 87613.4
10 88042.8
10 88468.8
10 88697.5
10 89261.1
10 89572.1
10 90038.3
10 90504
10 90878.1
10 91785.1
10 92161.5
10 92466.5
10 93092.4
10 93640
10 94113.2
10 94725.2
10 95108.8
10 95499.2
10 96571.6
10 96964.8
10 97221.2
10 97808.3
10 98094.3
10 98379.5
10 99094.7
10 99486.1
10 99969
10 100641
10 101028
10 101547
10 101851
10 102315
10 102516
10 103305
10 103617
10 103982
10 104376
10 105216
10 105671
10 105941
10 107124
10 107772
10 108304
10 108596
10 109459
10 110072
10 110347
10 110620
10 111151
10 112075
10 112472
10 113222
10 113799
10 114135
10 114519
10 115493
10 116060
10 116724
10 116978
10 117351
10 117719
10 118331
10 118838
10 119159
10 119609
10 120004
10 120783
10 120981
10 121999
10 122499
10 122927
10 123290
10 123574
10 123956
10 124441
10 124832
10 125205
10 125733
10 126851
10 127400
10 127896
10 128640
10 128930
10 129651
10 130346
10 130723
10 131123
10 131612
10 132143
10 132973
10 133355
10 133654
10 134239
10 134554
10 134820
10 135225
10 135491
10 136014
10 136552
10 137536
10 138466
10 138800
10 139268
10 139960
10 140251
10 140649
10 140995
10 141540
10 143190
10 143612
10 144098
10 144582
10 144943
10 145388
10 145695
10 146234
10 146922
10 147821
10 148175
10 148605
10 148845
10 149117
10 149410
10 149930
10 150392
10 150769
10 151621
10 151997
10 152665
10 152876
10 153455
10 153923
10 154379
10 154871
10 155653
10 156286
10 156634
10 157944
10 158246
10 158535
10 159101
10 160106
10 161321
10 161707
10 162137
10 162812
11 454.32
11 692.293
11 1466.59
11 2322.72
11 2669.14
11 3054.07
11 3451.13
11 3950.34
11 4252.07
11 4532.59
11 5245.27
11 5769.85
11 6003.04
11 6458.48
11 6799.88
11 7114.54
11 7681.84
11 7918.4
11 8572.56
11 8770.3
11 9298.68
11 9978.95
11 10300.9
11 10713
11 11327.1
11 11624.7
11 11860.8
11 12197.5
11 12568.6
11 12856.7
11 13126.5
11 13577.1
11 13771.3
11 14030.1
11 15012.4
11 15163.5
11 15520.4
11 15985.9
11 16382.2
11 16870.9
11 17145.2
11 17413.1
11 17926.4
11 18251.1
11 18980.9
11 19376
11 20018.8
11 20418.5
11 20700.2
11 21180.5
11 21749.7
11 22269.5
11 22705.2
11 23592.6
11 23843.8
11 24333.8
11 25311.2
11 25725.5
11 26008.3
11 26375.9
11 26964.7
11 27334.4
11 27793.6
11 28301.7
11 28531.9
11 28802.5
11 29129.3
11 29503.4
11 30589.7
11 31054.9
11 31500
11 31779.2
11 32277.2
11 32824
11 33144.8
11 33666.7
11 34143.3
11 35123.6
11 35727.1
11 35976.9
11 36371.1
11 37083.9
11 37265.2
11 37600.8
11 38056.2
11 38598.5
11 39004.7
11 39407.9
11 40061
11 40663.4
11 41158.7
11 41635
11 42206.4
11 43101.8
11 43700.5
11 44069
11 44462
11 45410.4
11 46126.8
11 46763.7
11 46991.9
11 47223.5
11 47462.5
11 47659.6
11 47913
11 48164.2
11 48820.8
11 49614.7
11 50497.9
11 50735.2
11 51107.9
11 51970.4
11 52302.3
11 52739.8
11 53199.6
11 53511.9
11 53782.1
11 54309.8
11 54712.1
11 55884.7
11 56293.2
11 56845.5
11 57451.9
11 57694.4
11 57956.6
11 58386.7
11 58644
11 59154.5
11 59468.6
11 59702.9
11 60540.3
11 61063.5
11 61596.4
11 61998.7
11 62644.8
11 62937.9
11 63362.5
11 64002.9
11 64579.9
11 65003.1
11 66169.8
11 66691.4
11 67120.4
11 67319.7
11 67824
11 68440
11 69135.5
11 69834
11 70271.8
11 70603.7
11 71886.8
11 72189.7
11 72499.1
11 72926.3
11 73592.2
11 73816.3
11 74425.8
11 74890
11 75417.4
11 76072.3
11 76332.7
11 76884.9
11 77217.1
11 77813.7
11 78237.7
11 79034.6
11 79199.8
11 79649
11 80136.7
11 80576.7
11 81602.9
11 81873.8
11 82292.5
11 82616.6
11 83069.8
11 83604.6
11 83979.3
11 84448.2
11 85016.4
11 85686.3
11 86130.7
11 86675.9
11 87021.4
11 87375.9
11 87815.7
11 88036.6
11 88439.3
11 88947.4
11 89448.5
11 89703.4
11 90046.1
11 90262.6
11 90889.2
11 91602.5
11 92259
11 92843.1
11 93445.4
11 93817.3
11 94151.5
11 94470.2
11 94859.4
11 95437.9
11 96566.1
11 96885
11 97194.3
11 97774.9
11 98116.3
11 98638.1
11 98994
11 99317.4
11 99992.6
11 100229
11 100501
11 100908
11 101700
11 102158
11 102470
11 103013
11 103300
11 103687
11 104211
11 104541
11 105106
11 105521
11 105827
11 106094
11 106797
11 107348
11 107595
11 107785
11 108237
11 108433
11 108698
11 108975
11 109366
11 110206
11 110561
11 111111
11 112026
11 112478
11 112656
11 112935
11 113418
11 113826
11 114188
11 114552
11 115034
11 115513
11 115703
11 116109
11 116773
11 117470
11 117862
11 118300
11 118641
11 119435
11 120192
11 121014
11 122075
11 122489
11 122815
11 123033
11 123527
11 123758
11 124147
11 124614
11 124850
11 125304
11 125584
11 125897
11 127241
11 127807
11 128072
11 128692
11 129226
11 129517
11 130081
11 130295
11 130738
11 131252
11 131580
11 132172
11 132374
11 132622
11 133075
11 133676
11 134531
11 134914
11 135164
11 135645
11 136055
11 136543
11 137648
11 138027
11 138428
11 138864
11 139276
11 139750
11 140195
11 140736
11 141031
11 141472
11 142690
11 143135
11 143629
11 144380
11 144746
11 145158
11 145448
11 145937
11 146398
11 146750
11 147100
11 147809
11 148430
11 148696
11 149161
11 149684
11 150168
11 150407
11 150883
11 151272
11 151856
11 152705
11 153073
11 153656
11 153867
11 154131
11 154365
11 154921
11 155276
11 155830
11 156343
11 156715
11 158072
11 158430
11 159070
11 159338
11 159916
11 160168
11 160939
11 161258
11 161927
11 162877
